# unix_time, cycles_done, cur_path, paths_total, pending_total, pending_favs, map_size, unique_crashes, unique_hangs, max_depth, execs_per_sec
1524768955, 0, 0, 1, 1, 1, 0.01%, 0, 0, 1, 160.00
1524768960, 0, 0, 2, 2, 1, 0.01%, 0, 0, 2, 186.77
1524768965, 0, 1, 3, 2, 1, 0.01%, 0, 0, 3, 190.83
1524768975, 0, 2, 4, 2, 1, 0.01%, 0, 0, 4, 182.93
1524768980, 0, 3, 4, 1, 1, 0.01%, 1, 0, 4, 185.00
1524768996, 1, 2, 4, 0, 0, 0.01%, 1, 0, 4, 188.60
1524769001, 2, 0, 4, 0, 0, 0.01%, 1, 0, 4, 187.05
1524769006, 2, 3, 4, 0, 0, 0.01%, 1, 0, 4, 162.24
1524769016, 3, 1, 4, 0, 0, 0.01%, 1, 0, 4, 180.49
1524769021, 3, 3, 4, 0, 0, 0.01%, 1, 0, 4, 181.73
1524769026, 4, 1, 4, 0, 0, 0.01%, 1, 0, 4, 158.18
1524769031, 4, 3, 4, 0, 0, 0.01%, 1, 0, 4, 173.07
1524769036, 5, 0, 4, 0, 0, 0.01%, 1, 0, 4, 179.08
1524769041, 5, 2, 4, 0, 0, 0.01%, 1, 0, 4, 171.42
1524769046, 5, 3, 4, 0, 0, 0.01%, 1, 0, 4, 167.04
1524769052, 6, 0, 4, 0, 0, 0.01%, 1, 0, 4, 156.27
1524769057, 6, 2, 4, 0, 0, 0.01%, 1, 0, 4, 136.73
1524769062, 6, 3, 4, 0, 0, 0.01%, 1, 0, 4, 133.22
1524769072, 7, 1, 4, 0, 0, 0.01%, 1, 0, 4, 135.02
1524769077, 7, 3, 4, 0, 0, 0.01%, 1, 0, 4, 138.29
1524769088, 8, 0, 4, 0, 0, 0.01%, 1, 0, 4, 141.05
1524769093, 8, 3, 4, 0, 0, 0.01%, 1, 0, 4, 165.34
